
Refunded Line Items Summary Report
=====================================

Random Forest achieved a satisfactory accuracy of 0.8714 when predicting test data. Results can be taken into consideration for business decisions. 
Full Classification Report for this model: 
               precision    recall  f1-score   support

           0       0.79      0.90      0.84       512
           1       0.85      0.71      0.77       413

    accuracy                           0.81       925
   macro avg       0.82      0.80      0.81       925
weighted avg       0.82      0.81      0.81       925

The following list of users were correctly predicted to return their items. Evaluate necessary strategy:
 
    Customer_ID
7248227172679.0
7437351223623.0
5250916089904.0
8383122899271.0
8388105896263.0
8403956629831.0
6874719551769.0
7285140881735.0
7296557842759.0
5971634061360.0
5281035190320.0
7125631041863.0
8011139514695.0
7837391159623.0
7632882663751.0
7124860141895.0
7266118304071.0
8512823329095.0
7091794379079.0
7865076449607.0
7190876422471.0
7968985219399.0
7782509740359.0
6674427281689.0
8451575316807.0
7066935656775.0
8359124369735.0
7405321716039.0
7904099828039.0
5323077320752.0
7634270093639.0
7786944823623.0
7221563130183.0
7369479225671.0
6878863786265.0
8385052705095.0
8060884123975.0
5521354915888.0
7859989119303.0
7773986750791.0
8364387041607.0
5262093353008.0
7840228573511.0
5130054795312.0
7475640074567.0
7858899943751.0
8418474000711.0
8381452452167.0
5473441185840.0
7972897947975.0
5341739810864.0
7126033760583.0
6696105083161.0
7787140972871.0
7570314723655.0
7125235302727.0
7896755831111.0
6696713715993.0
7026219942215.0
7821838483783.0
7339861279047.0
8063197151559.0
5682930057264.0
6858037297433.0
7552813826375.0
6803167805721.0
7252150845767.0
7233424425287.0
8059491090759.0
3726430273584.0
7322981499207.0
7683844768071.0
5034304864304.0
7811224895815.0
5674607509552.0
8412227502407.0
7879029883207.0
7125235564871.0
7634226839879.0
6891063607577.0
7562811507015.0
7125175009607.0
5861419679792.0
7476092666183.0
7960240816455.0
7801234489671.0
7230271586631.0
7479572169031.0
7846706807111.0
7862743662919.0
7586440675655.0
3721128378416.0
7833324585287.0
8495523463495.0
8060886483271.0
7818504962375.0
7782565609799.0
7414495412551.0
7782538314055.0
6867395543321.0
7593137701191.0
7173692719431.0
5048117297200.0
7904618316103.0
3729002102832.0
7868580528455.0
7248365519175.0
5040946806832.0
7869647257927.0
7188283556167.0
7868920201543.0
5363405291568.0
5328392716336.0
5766364790832.0
7252933345607.0
8060462563655.0
5411801727024.0
7225171345735.0
8634656719175.0
3721426337840.0
5327991308336.0
5516414681136.0
7866523484487.0
7236188176711.0
5169500061744.0
7904542982471.0
7388471787847.0
5137102503984.0
5140114604080.0
5095564902448.0
7125335474503.0
8471619633479.0
7791333474631.0
5406818369584.0
7794505482567.0
7368649277767.0
6703578906905.0
7431125958983.0
5234906890288.0
7635644907847.0
7204359995719.0
5126379765808.0
5737551003696.0
7785660154183.0
7390898028871.0
5279987564592.0
8060095725895.0
6858298622233.0
8365710573895.0
7334109937991.0
7639266525511.0
6821235786009.0
7164768682311.0
7637269119303.0
6695851622681.0
8364387795271.0
5105959436336.0
8038919799111.0
7261722542407.0
7860666368327.0
5634784264240.0
7645964730695.0
6889090023705.0
8378732511559.0
7602266767687.0
7782054527303.0
6712275337497.0
7074015215943.0
7227202011463.0
7394376974663.0
8419447308615.0
7373630472519.0
7467943821639.0
7784136573255.0
7290930299207.0
7198706336071.0
7950830403911.0
7681193214279.0
8385879212359.0
6690991538457.0
7645293314375.0
5965097140272.0
5739630460976.0
7643354235207.0
7609334235463.0
7849462300999.0
7552491028807.0
7374280294727.0
5108464713776.0
7194208174407.0
7838225236295.0
5080262803504.0
7235311075655.0
8058989642055.0
7635252674887.0
5969519771696.0
7634303287623.0
7598779105607.0
7634337628487.0
8061586768199.0
7784187691335.0
7698899435847.0
7125592572231.0
7283988922695.0
7282757697863.0
7919910551879.0
7645068427591.0
7993999622471.0
7795559858503.0
8494698725703.0
8059748614471.0
7529669427527.0
7125750939975.0
7359813747015.0
7363562602823.0
3323010508472.0
8438732390727.0
7526829621575.0
7125193130311.0
7793046126919.0
7971343106375.0
8467262144839.0
5494248210480.0
7423304433991.0
7560548942151.0
7634284708167.0
7912976286023.0
7419750711623.0

        